place(266.2623106000001, "Operator", Vector3.new(-355.03363037109375, 123.75299835205078, -104.14089965820312), 0, 280)
upgrade(1, 2, 1, 300)
upgrade(1, 1, 1, 125)
upgrade(1, 1, 1, 275)
upgrade(1, 1, 1, 1,000)
upgrade(1, 2, 1, 700)
place(356.6982798000008, "Operator", Vector3.new(-358.1413872804531, 123.75299835205078, -104.43537139892578), 0, 939)
upgrade(2, 1, 1, 125)
upgrade(2, 2, 1, 300)
upgrade(2, 1, 1, 275)
upgrade(2, 1, 1, 1,000)
upgrade(2, 2, 1, 700)
place(441.7458804000007, "Operator", Vector3.new(-358.46539306640625, 123.75299835205078, -107.7094955444336), 0, 280)
upgrade(3, 1, 1, 125)
upgrade(3, 1, 1, 275)
upgrade(3, 1, 1, 1,000)
upgrade(3, 2, 1, 300)
upgrade(3, 2, 1, 700)
upgrade(2, 1, 1, 3,325)
upgrade(3, 1, 1, 3,325)
upgrade(2, 1, 1, 11,750)
place(599.4539246000004, "Operator", Vector3.new(-361.30169677734375, 123.75299835205078, -104.37724304199219), 0, 280)
upgrade(4, 2, 1, 300)
upgrade(4, 2, 1, 700)
upgrade(4, 1, 1, 125)
upgrade(4, 1, 1, 275)
upgrade(4, 1, 1, 1,000)
upgrade(4, 1, 1, 3,325)
upgrade(4, 1, 1, 11,750)
upgrade(3, 1, 1, 11,750)
place(677.9380433999995, "Operator", Vector3.new(-365.1517028808594, 123.75299835205078, -100.2774429321289), 0, 280)
upgrade(5, 2, 1, 300)
upgrade(5, 2, 1, 700)
upgrade(5, 1, 1, 125)
upgrade(5, 1, 1, 275)
upgrade(5, 1, 1, 1,000)
upgrade(5, 1, 1, 3,325)
upgrade(5, 1, 1, 11,750)
place(698.5424929000001, "Operator", Vector3.new(-361.8790588378906, 123.75299835205078, -100.32646179199219), 0, 280)
upgrade(6, 1, 1, 125)
upgrade(6, 1, 1, 275)
upgrade(6, 1, 1, 1,000)
upgrade(6, 1, 1, 3,325)
upgrade(6, 2, 1, 300)
upgrade(6, 2, 1, 700)
upgrade(6, 1, 1, 11,750)
place(722.3622937, "Operator", Vector3.new(-367.259765625, 127.00299835205078, -103.4664077758789), 0, 280)
upgrade(7, 1, 1, 125)
upgrade(7, 1, 1, 275)
upgrade(7, 1, 1, 1,000)
upgrade(7, 2, 1, 300)
upgrade(7, 2, 1, 700)
upgrade(7, 1, 1, 3,325)
upgrade(7, 1, 1, 11,750)
place(741.4864152999999, "Operator", Vector3.new(-364.1265563964844, 123.75299835205078, -105.63712310791016), 0, 280)
upgrade(8, 1, 1, 125)
upgrade(8, 1, 1, 275)
upgrade(8, 1, 1, 1,000)
upgrade(8, 1, 1, 3,325)
upgrade(8, 2, 1, 300)
upgrade(8, 2, 1, 700)
upgrade(8, 1, 1, 11,750)
place(775.3964689000004, "Operator", Vector3.new(-370.68597412109375, 127.00299835205078, -103.5264892578125), 0, 280)
upgrade(9, 1, 1, 125)
upgrade(9, 1, 1, 275)
upgrade(9, 1, 1, 1,000)
upgrade(9, 1, 1, 3,325)
upgrade(9, 2, 1, 300)
upgrade(9, 2, 1, 700)
upgrade(9, 1, 1, 11,750)
place(785.544641800001, "Operator", Vector3.new(-358.22381591796875, 123.75299835205078, -100.4953384399414), 0, 280)
upgrade(10, 1, 1, 125)
upgrade(10, 1, 1, 275)
upgrade(10, 1, 1, 1000)
upgrade(10, 1, 1, 3,325)
upgrade(10, 2, 1, 300)
upgrade(10, 2, 1, 700)
upgrade(10, 1, 1, 11,750)
upgrade(1, 1, 1, 3,325)
place(798.5410843999998, "Operator", Vector3.new(-364.1302795410156, 123.75299835205078, -93.68800354003906), 0, 280)
upgrade(11, 1, 1, 165)
upgrade(11, 1, 1, 350)
upgrade(11, 1, 1, 750)
upgrade(11, 1, 1, 2500)
upgrade(11, 2, 1, 300)
upgrade(11, 2, 1, 700)
upgrade(11, 1, 1, 8750)
place(811.5067658999997, "Operator", Vector3.new(-361.73126220703125, 123.75299835205078, -107.81983947753906), 0, 280)
upgrade(12, 1, 1, 165)
upgrade(12, 1, 1, 350)
upgrade(12, 1, 1, 750)
upgrade(12, 1, 1, 2500)
upgrade(12, 1, 1, 8750)
upgrade(12, 2, 1, 300)
upgrade(12, 2, 1, 700)
place(822.6004463000008, "Operator", Vector3.new(-368.91156005859375, 127.00299835205078, -106.343017578125), 0, 280)
upgrade(13, 1, 1, 165)
upgrade(13, 1, 1, 350)
upgrade(13, 1, 1, 750)
upgrade(13, 1, 1, 2500)
upgrade(13, 1, 1, 8750)
upgrade(13, 2, 1, 300)
upgrade(13, 2, 1, 700)
upgrade(1, 1, 1, 11,750)
place(827.7713390000008, "Operator", Vector3.new(-355.45428466796875, 123.75299835205078, -107.59619140625), 0, 280)
upgrade(14, 1, 1, 125)
upgrade(14, 1, 1, 275)
upgrade(14, 1, 1, 1000)
upgrade(14, 1, 1, 3,325)
upgrade(14, 1, 1, 11,750)
upgrade(14, 2, 1, 300)
upgrade(14, 2, 1, 700)
place(831.0556378000001, "Operator", Vector3.new(-354.8685607910156, 123.75299835205078, -100.88252258300781), 0, 280)
upgrade(15, 1, 1, 125)
upgrade(15, 1, 1, 275)
upgrade(15, 1, 1, 1000)
upgrade(15, 1, 1, 3,325)
upgrade(15, 2, 1, 300)
upgrade(15, 1, 1, 11,750)
upgrade(15, 2, 1, 700)
place(838.2428872, "Operator", Vector3.new(-372.06402587890625, 127.00299835205078, -106.20634460449219), 0, 280)
upgrade(16, 1, 1, 125)
upgrade(16, 1, 1, 275)
upgrade(16, 1, 1, 1000)
upgrade(16, 1, 1, 3,325)
upgrade(16, 1, 1, 11,750)
upgrade(16, 2, 1, 300)
upgrade(16, 2, 1, 700)
place(847.9264825999999, "Operator", Vector3.new(-364.66265869140625, 123.75299835205078, -108.92514038085938), 0, 280)
upgrade(17, 1, 1, 125)
upgrade(17, 1, 1, 275)
upgrade(17, 1, 1, 1000)
upgrade(17, 2, 1, 300)
upgrade(17, 2, 1, 700)
upgrade(17, 1, 1, 3,325)
upgrade(17, 1, 1, 11,750)
place(865.0961451000003, "Operator", Vector3.new(-352.03997802734375, 123.75299835205078, -102.0129623413086), 0, 280)
upgrade(18, 1, 1, 125)
upgrade(18, 1, 1, 275)
upgrade(18, 1, 1, 1000)
upgrade(18, 1, 1, 3,325)
upgrade(18, 1, 1, 11,750)
upgrade(18, 2, 1, 300)
upgrade(18, 2, 1, 700)
